# Frame list with one line of data per frame:
#   FRAME_ID, RIG_ID, RIG_FROM_WORLD[QW, QX, QY, QZ, TX, TY, TZ], NUM_DATA_IDS, DATA_IDS[] as (SENSOR_TYPE, SENSOR_ID, DATA_ID)
# Number of frames: 100
1 1 -0.079204787810802715 0.050040110206654352 0.72319156172791421 0.68426351210910852 0.06681668780299882 -2.4550046792403468 3.0345965529645058 1 CAMERA 1 1
2 1 -0.23587610903366363 0.057574477434231434 0.53784309678893738 0.80732424958736382 -0.11919541446143402 -1.5326752697948336 2.1118783869452584 1 CAMERA 1 2
3 1 -0.18160971730973083 0.076581981136712343 0.65614470104185008 0.72844165314632914 -0.062127517509255756 -2.1718436184363843 2.6556909880772381 1 CAMERA 1 3
4 1 0.62908757948024407 -0.14651415458588188 -0.44779482251492814 -0.61827357761632995 -0.54624197626881488 -1.9018949487355208 2.4523099732945677 1 CAMERA 1 4
5 1 0.32349762281847699 -0.064839054973214724 0.56266018193690914 0.75799650701286148 0.49893481987188903 -1.9735628378818779 2.5085715030569449 1 CAMERA 1 5
6 1 -0.44973137754698816 0.1925738767287162 0.61996700574255081 0.61343125274310706 -0.40273273782734592 -2.4218025869295547 3.0316075498560671 1 CAMERA 1 6
7 1 0.87528867729472704 -0.26506452724011759 0.25158688104720112 0.31672475287473467 0.3119340938542628 -2.6743406893590831 3.4940459051202901 1 CAMERA 1 7
8 1 -0.32751407249807563 0.17772354976281843 0.70923155933707083 0.59844754775647235 -0.2751546317457782 -2.6196135588323868 3.358661885111947 1 CAMERA 1 8
9 1 0.44036267577455196 -0.096993315334099953 0.53471005175918596 0.71467347167280904 0.57156911418360379 -2.0869425158254082 2.6429348462391942 1 CAMERA 1 9
10 1 0.7237901725561533 -0.30854314232966695 0.44246012229588727 0.43029984384191605 0.52372266181238769 -2.7784852612182438 3.9241825006098572 1 CAMERA 1 10
11 1 0.4736422558939154 -0.17185047184376381 0.59990647888433135 0.62148422775755285 0.59510078799874244 -2.5320373101947111 3.2946520766308742 1 CAMERA 1 11
12 1 0.79284883712854637 0.05723905073551569 0.19312106611921664 0.57516838087275446 0.51431102342918134 -1.1006707484723537 1.9395674233379347 1 CAMERA 1 12
13 1 0.10215449802363895 -0.035507988523667877 0.75837008866538846 0.64278958446928214 0.29712851204086443 -2.6345853195670887 3.3975612426259905 1 CAMERA 1 13
14 1 0.16817514851485615 -0.01883966160887933 0.55029726098546028 0.81763996424121133 0.36418946926005424 -1.6615303093698357 2.2214155953250669 1 CAMERA 1 14
15 1 0.88449757286519159 0.14798510208080404 0.094164561048864226 0.43231642184885111 0.35696529472226113 -0.73663582715161968 1.7901622526648002 1 CAMERA 1 15
16 1 0.93599000502014618 0.13189515891890827 0.0724501199301614 0.31824103707449186 0.22465177257474525 -0.93901266960093044 1.8374569632027229 1 CAMERA 1 16
17 1 -0.28981916416444586 -0.03081051483444416 0.23778624522239758 0.92655990947250277 -0.18257948796879783 0.32324458147755608 1.6961663245919192 1 CAMERA 1 17
18 1 0.7317878617311554 -0.41789856528868075 -0.43362965394515562 -0.31908092668163424 -0.60065168512471545 -2.8191059547531112 4.2382232555352273 1 CAMERA 1 18
19 1 0.84752220887007768 -0.40566408188239933 -0.26532266327713672 -0.21620971877790751 -0.5048531849399247 -2.8175699104987371 4.0982934442516745 1 CAMERA 1 19
20 1 0.77712103852870684 -0.25003127039352729 -0.38313231008226412 -0.43217691779234435 -0.60684842931456306 -2.4101185150684499 3.0759688667142262 1 CAMERA 1 20
21 1 0.89531923885450071 -0.44324046744167733 -0.041268945804320896 -0.015434463751001173 -0.22053156922231379 -2.8896511095006092 4.4228312529798828 1 CAMERA 1 21
22 1 0.69072889362170831 -0.32638049875196318 -0.48522186186003413 -0.4253576263847077 -0.60085512908523875 -2.6797191150277868 3.6383109013657062 1 CAMERA 1 22
23 1 0.16136884481495514 -0.05196898923532399 0.70380480593757178 0.68986818684450335 0.36038948203600335 -2.4543071082669079 3.0723893595909777 1 CAMERA 1 23
24 1 -0.16505293467343113 0.064386964988299267 0.63204067643728201 0.75441131408800244 -0.036514582283880347 -2.0287312462201608 2.503866151327057 1 CAMERA 1 24
25 1 0.31513071787086089 -0.072421541371748527 0.58575878040878959 0.74319203586525584 0.49392080826614154 -2.0855297236162591 2.6198559224554097 1 CAMERA 1 25
26 1 -0.05926760726782674 0.014120365401462637 0.37551788456073715 0.92481040456122943 0.10291807202068096 -0.45661248054964926 1.7070429933549032 1 CAMERA 1 26
27 1 -0.30584575460846497 0.088048662441799916 0.56952348527141061 0.75785803891922532 -0.21109113073800467 -1.8123994338195439 2.320299481398405 1 CAMERA 1 27
28 1 0.065930112399255794 0.00037991679137406578 0.57620417121338496 0.81464214782844957 0.24997084826210322 -1.7167162761366546 2.2570975372935949 1 CAMERA 1 28
29 1 0.867117694822652 -0.48521187797027382 0.079173235749686613 0.080049581778638842 -0.038709798094082662 -2.8951019092987358 4.7655623267793592 1 CAMERA 1 29
30 1 -0.42057488287039879 0.069099237960198873 0.46757336535951732 0.77441410835433877 -0.33434732667475409 -1.361322733867842 2.0328630534356553 1 CAMERA 1 30
31 1 0.012448681897880412 0.018366767385998146 0.24621268213183173 0.96896181933667735 0.18481590599590625 0.30657389179787975 1.6940771196114259 1 CAMERA 1 31
32 1 -0.28039697766435051 0.16222684143037439 0.73488847889155873 0.59581785004200161 -0.21700465546909689 -2.6629740188551758 3.4434054298900238 1 CAMERA 1 32
33 1 0.9655952985433619 0.031863584833151423 0.080127311358124675 0.24533659606152228 0.14295311582786513 -1.5170163120764337 2.1054283000292502 1 CAMERA 1 33
34 1 0.90824640802277901 -0.41809099004182354 -0.0042733940057726565 0.01643546358454686 -0.16424703649659628 -2.8824957845089187 4.2793246259052689 1 CAMERA 1 34
35 1 0.092877608342641554 -0.031852711262288738 0.76436260035171255 0.6372667964340839 0.28696073409114348 -2.6519873894368149 3.4335407775626479 1 CAMERA 1 35
36 1 0.76140557572311574 -0.077723901712124607 -0.31543053935641979 -0.56100278003028892 -0.59871101953162387 -1.5031799355430664 2.1654846706808417 1 CAMERA 1 36
37 1 -0.3585046853357729 0.12944367900786283 0.60966401157745098 0.69500253060294503 -0.28587849313015173 -2.1441129880029068 2.6459000455646047 1 CAMERA 1 37
38 1 0.7686902903725773 -0.15842439977318079 0.34965211647668049 0.51162519922967831 0.52672112960238227 -2.3045475841474912 2.8940373397582912 1 CAMERA 1 38
39 1 0.94869590044601937 -0.031588617903838254 0.12142211983869143 0.29023252145429945 0.20865193343014166 -1.8167721157866394 2.3213899443420432 1 CAMERA 1 39
40 1 0.72270868980753489 -0.16372893209470649 -0.39540509697205106 -0.54271520686297903 -0.59537008583006867 -1.999631566930699 2.5578438469244569 1 CAMERA 1 40
41 1 0.98564912648474756 -0.10505459636021837 0.050894214809623001 0.12193896072362514 -0.013903381610429507 -2.1425035086069872 2.6171410145521752 1 CAMERA 1 41
42 1 0.26590449894847196 -0.077531071323012263 0.64283421101372229 0.71417638407387374 0.4592807999465538 -2.2976203838662714 2.8628828450340085 1 CAMERA 1 42
43 1 0.33215476990670484 -0.052898560404681924 0.53054909854968879 0.77806979453224445 0.5020761153158666 -1.8063095592758849 2.3653648169337291 1 CAMERA 1 43
44 1 0.79401581032827873 -0.23357035454222727 0.35198067042206865 0.43714229957415068 0.47633587435338548 -2.5861722709333521 3.3468013237368597 1 CAMERA 1 44
45 1 0.11769726175850986 -0.023565300625393377 0.65136592665504622 0.74920922363102072 0.31082912925540535 -2.1642689950056129 2.6687546240018891 1 CAMERA 1 45
46 1 -0.3577862441278099 0.0023237292658496284 0.33984322316323035 0.86976444366577843 -0.26653154720360894 -0.40173341841514448 1.710926073997856 1 CAMERA 1 46
47 1 0.68706846337566529 -0.37039315499314251 0.48635584968009232 0.39268794844097726 0.52954351556439061 -2.8494299834075076 4.431264330175809 1 CAMERA 1 47
48 1 -0.30518082608166958 0.028756688294078372 0.41967813097365375 0.8543465237553951 -0.19648677061812797 -0.85529120139924708 1.810340664981047 1 CAMERA 1 48
49 1 0.86505062951987022 -0.016021437702886457 -0.21364553007199677 -0.45363675929256919 -0.58945639955212481 -1.292919727229926 2.0448193545444915 1 CAMERA 1 49
50 1 0.91030461412378005 -0.07308868117065731 -0.19978223564888156 -0.35509239995925673 -0.54562681023699444 -1.7073954074900777 2.2909886166489719 1 CAMERA 1 50
51 1 0.51415681461916152 -0.2677264223902146 -0.62503392412982162 -0.52277904168175138 -0.48952884060155494 -2.6639429043663307 3.5324861321207135 1 CAMERA 1 51
52 1 0.86571043975414608 -0.43021715849955861 -0.20345260894463107 -0.15513112823309155 -0.43594965564940263 -2.8531912955409116 4.2746751472697646 1 CAMERA 1 52
53 1 0.21876590749652353 0.020200493971826713 0.36311055029332806 0.9054745418984419 0.39861311819426398 -0.5915793185292082 1.7622305551898392 1 CAMERA 1 53
54 1 0.49873174183333296 0.11050818055761807 0.17498106386329931 0.8416865325089874 0.58714084884453466 0.061462815400761386 1.7322383353431574 1 CAMERA 1 54
55 1 0.24483406016082301 -0.090925345175817754 0.69815160155757461 0.66661323556648555 0.44538475956793189 -2.5241073960515443 3.2160980268178894 1 CAMERA 1 55
56 1 0.81771507661782639 -0.21912393236393637 -0.33492918314982023 -0.41370182258706772 -0.59782772302106202 -2.2963810108388238 2.9026120721038122 1 CAMERA 1 56
57 1 -0.089286597711010204 0.025380829909980366 0.50474280339016764 0.85826477229821529 0.068240218937100916 -1.2540454142487922 1.9539266376362601 1 CAMERA 1 57
58 1 0.58802455316049296 -0.2724364321692424 0.56763914306511787 0.5077315418285484 0.60448706467634139 -2.7563960114642523 3.9041895481695366 1 CAMERA 1 58
59 1 -0.00063711893011662672 0.015152635261591966 0.58833088798528277 0.80847805039255505 0.17124108479259881 -1.7554946577688351 2.275000899997389 1 CAMERA 1 59
60 1 0.91277537982403301 0.033474363561861828 -0.15695174659914873 -0.37561512510906331 -0.54539173291719267 -1.1332427113073515 1.9603324660352657 1 CAMERA 1 60
61 1 0.0036050217502008814 0.013936601049655811 0.68107919777003911 0.7320682354359348 0.17585716574989269 -2.2541659517473276 2.7605817391039151 1 CAMERA 1 61
62 1 0.93254255681400966 0.099035890432777038 -0.11485912147140959 -0.32766393507951497 -0.50308512831434105 -0.83704671911785089 1.8386369346004066 1 CAMERA 1 62
63 1 0.95695067807756928 -0.27535742359625687 -0.068945192183588105 -0.060582583900656649 -0.27382478544065597 -2.6361801221561825 3.3910878039265553 1 CAMERA 1 63
64 1 0.98449935608104455 -0.081906412241950999 0.058789342826801622 0.14351366025453088 0.015563342266279834 -2.0507211552992777 2.521383876035947 1 CAMERA 1 64
65 1 0.16979890709830997 -0.034806858080689791 0.62036386482376538 0.76492188424681073 0.36736090249419179 -2.0525837205119082 2.5607028784019308 1 CAMERA 1 65
66 1 -0.062085407190727526 0.017521692030740575 0.4330163468747521 0.89907465533268471 0.10074354735211617 -0.81230635564600895 1.7890901563050199 1 CAMERA 1 66
67 1 0.9548278915349977 -0.14706805961616906 -0.14809338209291167 -0.2115254915319866 -0.43739577350077663 -2.150874231526843 2.674823658280594 1 CAMERA 1 67
68 1 0.88393652942053347 -0.31094922396848579 -0.24541485169005395 -0.24847201580726908 -0.50745026513756308 -2.6458147455297962 3.4965471772890235 1 CAMERA 1 68
69 1 0.92224169360890684 -0.24731803897709889 0.17310837210035562 0.24153164942645211 0.18715326417402114 -2.6283700652725268 3.3591118473966755 1 CAMERA 1 69
70 1 0.85546882457376339 0.17998320892003897 0.086111470423917924 0.47787440750751664 0.40065286640305364 -0.47251974791419016 1.7376097503759436 1 CAMERA 1 70
71 1 0.7075863622567321 -0.37072743913550055 -0.46961779135345677 -0.37595456622392498 -0.60511465683145482 -2.7646466307522672 3.935555989828238 1 CAMERA 1 71
72 1 0.74313047549152866 -0.40117341896863967 0.41447577027497118 0.3391560410249479 0.45113434255051599 -2.8659157664638926 4.5285179229459187 1 CAMERA 1 72
73 1 0.9333126629977041 0.03852336737903702 0.11502645608495822 0.33795315896503919 0.26006666584460997 -1.4459195774426459 2.0733156193684121 1 CAMERA 1 73
74 1 -0.25925926067292676 0.14711466538768345 0.73368042755605034 0.610618490716068 -0.18563430815961648 -2.6306407158896596 3.3673226919473511 1 CAMERA 1 74
75 1 0.82243116610114586 -0.31429760639279009 0.32295687755776314 0.3471640057370754 0.38946124458932141 -2.7799961412986756 3.8403115197056636 1 CAMERA 1 75
76 1 -0.032767369713677663 0.017395657872415399 0.50133999194909407 0.86445468536049674 0.13705529796367585 -1.235550988923662 1.9470024927857146 1 CAMERA 1 76
77 1 -0.27793648821807443 0.11680159847897825 0.65641405092392868 0.69154124161860209 -0.18988265236680996 -2.275856917510612 2.7905945315627516 1 CAMERA 1 77
78 1 0.91781056663635918 -0.3571811107662719 -0.13140526003402972 -0.11304015002558349 -0.35848372067520262 -2.7829572722831393 3.8331869760288337 1 CAMERA 1 78
79 1 0.99934199795020418 0.012559119214379374 -0.026127012051144777 -0.021799516020606542 -0.2039666399788401 -1.5769437339201697 2.1446756568708931 1 CAMERA 1 79
80 1 0.32523378837907263 0.025544549208418737 0.33848352913833119 0.88260940364602736 0.49135216634654338 -0.61110138742945619 1.7829794568024544 1 CAMERA 1 80
81 1 -0.047313301937269944 0.031305737071008276 0.66255006840643293 0.74686599142072652 0.11128236921297388 -2.1536922728565875 2.6424795596405111 1 CAMERA 1 81
82 1 0.13155474046260421 -0.034977076952956099 0.68635443651464234 0.71441412487877898 0.32655576012077497 -2.3483070619887934 2.9038616607238454 1 CAMERA 1 82
83 1 -0.017976558345524918 0.019874609003132353 0.61724544447697816 0.78631412586792582 0.15017740703835961 -1.9122442390140024 2.407394248211804 1 CAMERA 1 83
84 1 0.80448151327698247 -0.030788431638952299 0.24870071677089278 0.53852532043575618 0.50479696182791278 -1.6629290294257537 2.2514945862587448 1 CAMERA 1 84
85 1 0.91631091342510196 -0.18747021410994633 -0.21204121950461904 -0.28331563668569398 -0.50963851245432368 -2.2539750631547659 2.8167284460207256 1 CAMERA 1 85
86 1 0.98524292706059435 -0.086010736497688325 -0.082681329441090412 -0.12272866676555906 -0.33264361273674253 -1.9646838673001583 2.463975913083237 1 CAMERA 1 86
87 1 0.83489915831976813 -0.29420257455140775 0.30729794029660096 0.34922230234298146 0.38118933930471338 -2.7404792074177546 3.6995282431962808 1 CAMERA 1 87
88 1 0.64058782012096094 -0.10529530715761143 0.41010599243264578 0.64060379172628579 0.6070128233776696 -2.0171048979136317 2.5742762353539907 1 CAMERA 1 88
89 1 0.17981183438115173 -0.074959249130475594 0.74821156982973558 0.63421468128639491 0.38476518327485248 -2.6515031919512868 3.462346492742526 1 CAMERA 1 89
90 1 -0.29311699549894904 0.13314265103044373 0.67383019044571657 0.66506265559730837 -0.21396211798105211 -2.3902307857693716 2.9465922666188629 1 CAMERA 1 90
91 1 0.97875753083294614 -0.19768532601639732 0.016894829277579741 0.051660163174990358 -0.11030259831524721 -2.4568487173464266 3.031316636910343 1 CAMERA 1 91
92 1 0.40813329352987832 -0.15954928731945961 0.64426566246351813 0.62681177062875182 0.56668656355783131 -2.5748944122304289 3.366580498790849 1 CAMERA 1 92
93 1 0.64042312465039941 -0.19773168232001762 -0.47784953835983335 -0.56782058954321901 -0.56188010665776178 -2.2063441176174972 2.7750476117780192 1 CAMERA 1 93
94 1 0.84702469872094055 -0.42231447017480633 -0.25419314311340085 -0.19896103646644614 -0.49007683232025845 -2.8371309278525265 4.2115954024113647 1 CAMERA 1 94
95 1 0.18548543693333616 -0.07351233112325474 0.73543209736193726 0.64755750325997818 0.38864128804069398 -2.6088299686632062 3.3676738238093336 1 CAMERA 1 95
96 1 0.70448217670049162 -0.35299384027272346 -0.47286491455342106 -0.39433359484735547 -0.6060247031670748 -2.733375389122779 3.8107383772605372 1 CAMERA 1 96
97 1 0.63439518513402682 -0.34668342393026602 -0.54423782361000983 -0.42562723597414587 -0.58478552420324725 -2.7560713090199962 3.8818318946066741 1 CAMERA 1 97
98 1 0.95001955247849812 0.11543289935465577 0.067444447679733538 0.28211583105580579 0.18288876038367052 -1.0538306993197553 1.8776081135351603 1 CAMERA 1 98
99 1 0.47911360775578721 0.083807687749801532 0.21756332988103697 0.84622255927642387 0.58076160369598562 -0.16818885957829421 1.7368725369044387 1 CAMERA 1 99
100 1 0.95771936528320245 -0.1699847823246545 0.11514612850249399 0.2015444373592753 0.10819482794053696 -2.3912913407238903 2.9335523975444442 1 CAMERA 1 100
